v3.0 hex words addressed
000: 00 00 00 00 00 00 00 00 00 00 00 00 00 00 00 3e
010: 00 00 00 00 00 00 00 00 00 00 00 00 00 00 00 00
020: 00 00 00 00 00 00 00 00 00 00 00 00 00 00 00 00
030: 00 00 00 00 00 00 00 00 00 00 00 00 00 00 00 00
040: 00 00 00 00 00 00 00 00 00 00 00 00 00 00 00 00
050: 00 00 00 00 00 00 00 00 00 00 00 00 00 00 00 00
060: 00 00 00 00 00 00 00 00 00 00 00 00 00 00 00 00
070: 00 00 00 00 00 00 00 00 00 00 00 00 00 00 00 00
080: 00 00 00 00 00 00 00 00 00 00 00 00 00 00 00 00
090: 00 00 00 00 00 00 00 00 00 00 00 00 00 00 00 00
0a0: 00 00 00 00 00 00 00 00 00 00 00 00 00 00 00 00
0b0: 00 00 00 00 00 00 00 00 00 00 00 00 00 00 00 00
0c0: 00 00 00 00 00 00 00 00 00 00 00 00 00 00 00 00
0d0: 00 00 00 00 00 00 00 00 00 00 00 00 00 00 00 00
0e0: 00 00 00 00 00 00 00 00 00 00 00 00 00 00 00 00
0f0: 00 00 00 00 00 00 00 00 00 00 00 00 00 00 00 00
100: 00 00 00 00 00 00 00 00 00 00 00 00 00 00 00 00
110: 00 00 00 00 00 00 00 00 00 00 00 00 00 00 00 00
120: 00 00 00 00 00 00 00 00 00 00 00 00 00 00 00 00
130: 00 00 00 00 00 00 00 00 00 00 00 00 00 00 00 00
140: 00 00 00 00 00 00 00 00 00 00 00 00 00 00 00 00
150: 00 00 00 00 00 00 00 00 00 00 00 00 00 00 00 00
160: 00 00 00 00 00 00 00 00 00 00 00 00 00 00 00 00
170: 00 00 00 00 00 00 00 00 00 00 00 00 00 00 00 00
180: 00 00 00 00 00 00 00 00 00 00 00 00 00 00 00 00
190: 00 00 00 00 00 00 00 00 00 00 00 00 00 00 00 00
1a0: 00 00 00 00 00 00 00 00 00 00 00 00 00 00 00 00
1b0: 00 00 00 00 00 00 00 00 00 00 00 00 00 00 00 00
1c0: 00 00 00 00 00 00 00 00 00 00 00 00 00 00 00 00
1d0: 00 00 00 00 00 00 00 00 00 00 00 00 00 00 00 00
1e0: 00 00 00 00 00 00 00 00 00 00 00 00 00 00 00 00
1f0: 00 00 00 00 00 00 00 00 00 00 00 00 00 00 00 00
